# Seeds
# x          y             z
334.240648 837.459443 -950.000000
417.800810 854.171475 -950.000000
668.481296 1121.563994 -950.000000
802.177555 1305.396350 -950.000000
1002.721944 1455.804642 -950.000000
1136.418203 1505.940739 -950.000000
1286.826494 1589.500901 -950.000000
1453.946818 1706.485128 -950.000000
1554.219013 1856.893419 -950.000000
1654.491207 1973.877646 -950.000000
1704.627304 2107.573905 -950.000000
1855.035596 1973.877646 -950.000000
2089.004049 1840.181387 -950.000000
2272.836406 1823.469354 -950.000000
2556.940957 1990.589678 -950.000000
2623.789086 2074.149840 -950.000000
2740.773313 2224.558132 -950.000000
2807.621443 2324.830326 -950.000000
2841.045507 2491.950650 -950.000000
3308.982414 2575.510812 -950.000000
3476.102738 2675.783006 -950.000000
3559.662900 2725.919104 -950.000000
3927.327613 2893.039428 -950.000000
3860.479483 2976.599590 -950.000000
1955.307790 1322.108382 -950.000000
1888.459661 1188.412123 -950.000000
4729.505168 3310.840238 -950.000000
4913.337524 3360.976335 -950.000000
5030.321751 3444.536497 -950.000000
5047.033784 3528.096659 -950.000000
5247.578172 3611.656821 -950.000000
5397.986464 3661.792918 -950.000000
5514.970691 3678.504950 -950.000000
5631.954917 3728.641047 -950.000000
5782.363209 3762.065112 -950.000000
5865.923371 3795.489177 -950.000000
6033.043695 3845.625274 -950.000000
4846.489395 3661.792918 -950.000000
5431.410529 2993.311622 -950.000000
5565.106788 3026.735687 -950.000000
5682.091015 3076.871784 -950.000000
5832.499306 3160.431946 -950.000000
5982.907598 3277.416173 -950.000000
6066.467760 3377.688367 -950.000000
6200.164019 3477.960561 -950.000000
6300.436213 3561.520723 -950.000000
